3.971145153045654297e-01
1.518996506929397583e-01
8.299219012260437012e-01
3.879811465740203857e-01
4.410167932510375977e-01
5.440627336502075195e-01
4.159594774246215820e-01
3.757147490978240967e-01
1.823507845401763916e-01
1.573246121406555176e-01
4.070155024528503418e-01
2.382314354181289673e-01
9.757164120674133301e-02
4.916314482688903809e-01
4.282615482807159424e-01
2.450790256261825562e-01
3.316187262535095215e-01
8.732642233371734619e-02
1.360228806734085083e-01
3.892917931079864502e-01
2.933807969093322754e-01
5.093901753425598145e-01
2.379083782434463501e-01
5.039658546447753906e-01
5.564497709274291992e-01
1.524371653795242310e-01
2.843813970685005188e-02
2.700625956058502197e-01
9.198717772960662842e-02
2.588559687137603760e-01
1.616062074899673462e-01
2.744277417659759521e-01
3.235632479190826416e-01
2.907010316848754883e-01
3.705640137195587158e-01
2.854376435279846191e-01
4.424028098583221436e-01
-2.635744586586952209e-02
3.231286108493804932e-01
3.280305862426757812e-01
4.125689268112182617e-01
2.513165771961212158e-01
3.068827986717224121e-01
5.597079396247863770e-01
3.109878897666931152e-01
4.887157380580902100e-01
5.460958480834960938e-01
1.268640756607055664e-01
4.884131848812103271e-01
2.900374829769134521e-01
2.708745896816253662e-01
5.054796934127807617e-01
4.347935914993286133e-01
4.244360625743865967e-01
6.110301017761230469e-01
3.498269915580749512e-01
9.170848131179809570e-01
1.642295867204666138e-01
2.091424912214279175e-01
2.453944832086563110e-01
3.881679475307464600e-01
3.162338435649871826e-01
1.844330877065658569e-01
2.174958139657974243e-01
1.204944550991058350e-01
5.382493138313293457e-01
8.177922666072845459e-02
3.136436939239501953e-01
2.046336680650711060e-01
3.249437510967254639e-01
6.118847131729125977e-01
5.171332359313964844e-01
5.224479436874389648e-01
4.664496481418609619e-01
3.730868697166442871e-01
-8.246181905269622803e-02
6.080405116081237793e-01
3.769733011722564697e-01
3.321475088596343994e-01
8.568722009658813477e-02
4.302074611186981201e-01
2.193483263254165649e-01
3.231948614120483398e-01
2.336432188749313354e-01
3.586683273315429688e-01
5.474632978439331055e-01
4.398272931575775146e-01
3.489558994770050049e-01
3.955996334552764893e-01
5.926582217216491699e-01
2.354171723127365112e-01
2.451071590185165405e-01
4.221162497997283936e-01
5.120882391929626465e-01
2.483510524034500122e-01
2.092903107404708862e-01
6.193556189537048340e-01
3.129042983055114746e-01
2.805238068103790283e-01
2.756375670433044434e-01
4.945508837699890137e-01
4.959186315536499023e-01
4.538699984550476074e-01
3.201523721218109131e-01
-2.382824569940567017e-02
1.083794534206390381e-01
4.606496989727020264e-01
3.390694037079811096e-02
4.119239747524261475e-01
3.383352458477020264e-01
3.808957636356353760e-01
4.490821063518524170e-01
3.163420855998992920e-01
2.874938771128654480e-02
1.452372819185256958e-01
5.483081936836242676e-01
6.511094570159912109e-01
3.145450651645660400e-01
2.335200756788253784e-01
5.279016494750976562e-01
5.939819216728210449e-01
4.004288837313652039e-02
2.618872523307800293e-01
1.797548383474349976e-01
5.043016672134399414e-01
4.957540929317474365e-01
5.052404999732971191e-01
1.962033063173294067e-01
1.749510467052459717e-01
4.094415009021759033e-01
5.123781561851501465e-01
3.486916124820709229e-01
3.626423776149749756e-01
5.729643106460571289e-01
-2.996071800589561462e-02
3.021749556064605713e-01
4.484108388423919678e-01
4.185688793659210205e-01
1.865931153297424316e-01
3.120369613170623779e-01
2.852265536785125732e-01
4.062404334545135498e-01
5.661840438842773438e-01
2.459044307470321655e-01
5.364151000976562500e-01
4.447092115879058838e-01
5.750423669815063477e-01
4.999441802501678467e-01
2.791526913642883301e-01
3.354069888591766357e-01
4.588420093059539795e-01
2.932611107826232910e-01
4.633418619632720947e-01
2.520505785942077637e-01
3.094062209129333496e-01
7.913507819175720215e-01
1.770316958427429199e-01
3.032445013523101807e-01
1.884719580411911011e-01
4.903961122035980225e-01
1.318307518959045410e-01
1.748429983854293823e-01
4.374652802944183350e-01
1.245440393686294556e-01
1.469777673482894897e-01
1.773475408554077148e-01
1.277035623788833618e-01
1.668635904788970947e-01
3.541338145732879639e-01
4.344634115695953369e-01
5.991659760475158691e-01
5.916218757629394531e-01
6.949581503868103027e-01
2.389970719814300537e-01
5.762299895286560059e-01
1.863570511341094971e-01
2.058388739824295044e-01
1.841282099485397339e-01
1.070446848869323730e+00
4.022662043571472168e-01
1.265739277005195618e-02
2.921418845653533936e-01
3.720794618129730225e-01
5.981729030609130859e-01
3.895572423934936523e-01
2.186316400766372681e-01
4.436042904853820801e-01
4.491001069545745850e-01
4.096598327159881592e-01
2.537108957767486572e-01
3.373848199844360352e-01
3.764015436172485352e-01
2.538619935512542725e-01
3.382485508918762207e-01
3.513989150524139404e-01
6.069911643862724304e-02
1.489888429641723633e-01
5.267430543899536133e-01
4.912626743316650391e-01
2.427997291088104248e-01
2.437352687120437622e-01
1.380666643381118774e-01
3.789295852184295654e-01
5.042666792869567871e-01
-1.818757504224777222e-03
5.545678138732910156e-01
3.212074935436248779e-01
6.830040216445922852e-01
3.020416796207427979e-01
5.898782610893249512e-01
6.580838561058044434e-01
2.638032436370849609e-01
2.127730846405029297e-01
3.343262970447540283e-01
4.519748687744140625e-01
2.733031511306762695e-01
3.433671593666076660e-01
2.325489819049835205e-01
3.861423134803771973e-01
1.008934229612350464e-01
4.331559538841247559e-01
5.038107037544250488e-01
2.958985567092895508e-01
4.582656025886535645e-01
3.310230076313018799e-01
4.507397711277008057e-01
3.728059828281402588e-01
2.964133620262145996e-01
2.919015586376190186e-01
5.063475295901298523e-02
3.479000031948089600e-01
4.621178507804870605e-01
4.962800741195678711e-01
3.648855090141296387e-01
1.578270941972732544e-01
2.934958040714263916e-01
2.954052984714508057e-01
2.302778512239456177e-01
2.333812266588211060e-01
1.233309954404830933e-01
7.102856040000915527e-01
7.552376985549926758e-01
